6
2
9
1
4
6
4
4
1
6
432
2
4
5
3
43
4
3
4
4
4
3
5
76
2
3
4
5
66
6
2
9
1
4
6
4
4
1
6
432
2
4
5
3
43
4
3
4
4
4
3
5
76
2
3
4
5
66
6
2
9
1
4
6
4
4
1
6
432
2
4
5
3
43
4
3
4
4
4
3
5
76
2
3
4
5
66
6
2
9
1
4
6
4
4
1
6
432
2
4
5
3
43
4
3
4
4
4
3
5
76
2
3
4
5
66
6
2
9
1
4
6
4
4
1
6
432
2
4
5
3
43
4
3
4
4
4
3
5
76
2
3
4
5
66
6
2
9
1
4
6
4
4
1
6
432
2
4
5
3
43
4
3
4
4
4
3
5
76
2
3
4
5
66
6
2
9
1
4
6
4
4
1
6
432
2
4
5
3
43
4
3
4
4
4
3
5
76
2
3
4
5
66
6
2
9
1
4
6
4
4
1
6
432
2
4
5
3
43
4
3
4
4
4
3
5
76
2
3
4
5
66
6
2
9
1
4
6
4
4
1
6
432
2
4
5
3
43
4
3
4
4
4
3
5
76
2
3
4
5
66
